<?xml version="1.0" encoding="UTF-8" standalone="no"?>
<svg
   id="svg2"
   viewBox="0 0 32 32"
   version="1.1"
   sodipodi:docname="edit.svgz"
   width="32"
   height="32"
   inkscape:version="1.1.1 (3bf5ae0d25, 2021-09-20, custom)"
   xmlns:inkscape="http://www.inkscape.org/namespaces/inkscape"
   xmlns:sodipodi="http://sodipodi.sourceforge.net/DTD/sodipodi-0.dtd"
   xmlns="http://www.w3.org/2000/svg"
   xmlns:svg="http://www.w3.org/2000/svg"
   xmlns:rdf="http://www.w3.org/1999/02/22-rdf-syntax-ns#"
   xmlns:cc="http://creativecommons.org/ns#"
   xmlns:dc="http://purl.org/dc/elements/1.1/">
  <metadata
     id="metadata17">
    <rdf:RDF>
      <cc:Work
         rdf:about="">
        <dc:format>image/svg+xml</dc:format>
        <dc:type
           rdf:resource="http://purl.org/dc/dcmitype/StillImage" />
        <dc:title />
      </cc:Work>
    </rdf:RDF>
  </metadata>
  <defs
     id="defs15" />
  <sodipodi:namedview
     pagecolor="#c8c8c8"
     bordercolor="#666666"
     borderopacity="1"
     objecttolerance="10"
     gridtolerance="10"
     guidetolerance="10"
     inkscape:pageopacity="0"
     inkscape:pageshadow="2"
     inkscape:window-width="1920"
     inkscape:window-height="965"
     id="namedview13"
     showgrid="true"
     inkscape:zoom="6.2592045"
     inkscape:cx="-49.447178"
     inkscape:cy="25.722119"
     inkscape:window-x="0"
     inkscape:window-y="40"
     inkscape:window-maximized="1"
     inkscape:current-layer="svg2"
     inkscape:pagecheckerboard="0"
     inkscape:snap-bbox="true"
     inkscape:snap-bbox-edge-midpoints="true"
     inkscape:bbox-nodes="true"
     inkscape:snap-nodes="true">
    <inkscape:grid
       type="xygrid"
       id="grid849" />
  </sodipodi:namedview>
  <style
     type="text/css"
     id="current-color-scheme">
        .ColorScheme-NegativeText {
            color:#da4453;
        }
    </style>
  <g
     id="edit-delete">
    <g
       id="g1411"
       style="fill:#ff3232;fill-opacity:1"
       transform="translate(-35)">
      <path
         id="path1164"
         style="fill:#ff3232;fill-opacity:1;fill-rule:evenodd;stroke:none;stroke-width:0.7;stroke-linecap:round;stroke-linejoin:round;paint-order:stroke fill markers"
         d="m 45,10 v 15 c 0,0.06925 0.0063,0.135957 0.01953,0.201172 0.01328,0.06522 0.03336,0.129594 0.05859,0.189453 0.02523,0.05986 0.05593,0.116738 0.0918,0.169922 0.03587,0.05318 0.07786,0.101297 0.123047,0.146484 0.04519,0.04519 0.0933,0.08718 0.146484,0.123047 0.05318,0.03587 0.110063,0.06656 0.169922,0.0918 0.05986,0.02523 0.124238,0.04532 0.189453,0.05859 C 45.864043,25.993746 45.93075,26 46,26 h 10 c 0.06925,0 0.135957,-0.0063 0.201172,-0.01953 0.06522,-0.01328 0.129594,-0.03336 0.189453,-0.05859 0.05986,-0.02523 0.116738,-0.05593 0.169922,-0.0918 0.05318,-0.03587 0.101297,-0.07786 0.146484,-0.123047 0.04519,-0.04519 0.08718,-0.0933 0.123047,-0.146484 0.03587,-0.05318 0.06656,-0.110063 0.0918,-0.169922 0.02523,-0.05986 0.04532,-0.124238 0.05859,-0.189453 C 56.993746,25.135957 57,25.06925 57,25 V 10 Z m 4,3 c 0.06925,0 0.135957,0.0063 0.201172,0.01953 0.06522,0.01328 0.129594,0.03336 0.189453,0.05859 0.05986,0.02523 0.116738,0.05593 0.169922,0.0918 0.05318,0.03587 0.101297,0.07786 0.146484,0.123047 0.04519,0.04519 0.08718,0.0933 0.123047,0.146484 0.03587,0.05318 0.06656,0.110063 0.0918,0.169922 0.02523,0.05986 0.04532,0.124238 0.05859,0.189453 C 49.993746,13.864043 50,13.93075 50,14 v 8 c 0,0.06925 -0.0063,0.135957 -0.01953,0.201172 -0.01328,0.06522 -0.03336,0.129594 -0.05859,0.189453 -0.02523,0.05986 -0.05593,0.116738 -0.0918,0.169922 -0.03587,0.05318 -0.07786,0.101297 -0.123047,0.146484 -0.04519,0.04519 -0.0933,0.08718 -0.146484,0.123047 -0.05318,0.03587 -0.110063,0.06656 -0.169922,0.0918 -0.05986,0.02523 -0.124238,0.04532 -0.189453,0.05859 C 49.135957,22.993746 49.06925,23 49,23 c -0.06925,0 -0.135957,-0.0063 -0.201172,-0.01953 -0.06522,-0.01328 -0.129594,-0.03336 -0.189453,-0.05859 -0.05986,-0.02523 -0.116738,-0.05593 -0.169922,-0.0918 -0.05318,-0.03587 -0.101297,-0.07786 -0.146484,-0.123047 -0.04519,-0.04519 -0.08718,-0.0933 -0.123047,-0.146484 -0.03587,-0.05318 -0.06656,-0.110063 -0.0918,-0.169922 -0.02523,-0.05986 -0.04532,-0.124238 -0.05859,-0.189453 C 48.006254,22.135957 48,22.06925 48,22 v -8 c 0,-0.06925 0.0063,-0.135957 0.01953,-0.201172 0.01328,-0.06522 0.03336,-0.129594 0.05859,-0.189453 0.02523,-0.05986 0.05593,-0.116738 0.0918,-0.169922 0.03587,-0.05318 0.07786,-0.101297 0.123047,-0.146484 0.04519,-0.04519 0.0933,-0.08718 0.146484,-0.123047 0.05318,-0.03587 0.110063,-0.06656 0.169922,-0.0918 0.05986,-0.02523 0.124238,-0.04532 0.189453,-0.05859 C 48.864043,13.006254 48.93075,13 49,13 Z m 4,0 c 0.06925,0 0.135957,0.0063 0.201172,0.01953 0.06522,0.01328 0.129594,0.03336 0.189453,0.05859 0.05986,0.02523 0.116738,0.05593 0.169922,0.0918 0.05318,0.03587 0.101297,0.07786 0.146484,0.123047 0.04519,0.04519 0.08718,0.0933 0.123047,0.146484 0.03587,0.05318 0.06656,0.110063 0.0918,0.169922 0.02523,0.05986 0.04532,0.124238 0.05859,0.189453 C 53.993746,13.864043 54,13.93075 54,14 v 8 c 0,0.06925 -0.0063,0.135957 -0.01953,0.201172 -0.01328,0.06522 -0.03336,0.129594 -0.05859,0.189453 -0.02523,0.05986 -0.05593,0.116738 -0.0918,0.169922 -0.03587,0.05318 -0.07786,0.101297 -0.123047,0.146484 -0.04519,0.04519 -0.0933,0.08718 -0.146484,0.123047 -0.05318,0.03587 -0.110063,0.06656 -0.169922,0.0918 -0.05986,0.02523 -0.124238,0.04532 -0.189453,0.05859 C 53.135957,22.993746 53.06925,23 53,23 c -0.06925,0 -0.135957,-0.0063 -0.201172,-0.01953 -0.06522,-0.01328 -0.129594,-0.03336 -0.189453,-0.05859 -0.05986,-0.02523 -0.116738,-0.05593 -0.169922,-0.0918 -0.05318,-0.03587 -0.101297,-0.07786 -0.146484,-0.123047 -0.04519,-0.04519 -0.08718,-0.0933 -0.123047,-0.146484 -0.03587,-0.05318 -0.06656,-0.110063 -0.0918,-0.169922 -0.02523,-0.05986 -0.04532,-0.124238 -0.05859,-0.189453 C 52.006254,22.135957 52,22.06925 52,22 v -8 c 0,-0.06925 0.0063,-0.135957 0.01953,-0.201172 0.01328,-0.06522 0.03336,-0.129594 0.05859,-0.189453 0.02523,-0.05986 0.05593,-0.116738 0.0918,-0.169922 0.03587,-0.05318 0.07786,-0.101297 0.123047,-0.146484 0.04519,-0.04519 0.0933,-0.08718 0.146484,-0.123047 0.05318,-0.03587 0.110063,-0.06656 0.169922,-0.0918 0.05986,-0.02523 0.124238,-0.04532 0.189453,-0.05859 C 52.864043,13.006254 52.93075,13 53,13 Z" />
      <path
         id="path1160"
         style="fill:#ff3232;fill-opacity:1;fill-rule:evenodd;stroke:none;stroke-width:0.7;stroke-linecap:round;stroke-linejoin:round;paint-order:stroke fill markers"
         d="m 48,4 c -0.06925,0 -0.135957,0.00625 -0.201172,0.019531 -0.06522,0.013277 -0.129594,0.033359 -0.189453,0.058594 -0.05986,0.025234 -0.116738,0.055926 -0.169922,0.091797 -0.05318,0.035871 -0.101297,0.077859 -0.146484,0.1230469 -0.04519,0.045187 -0.08718,0.093301 -0.123047,0.1464843 -0.03587,0.053184 -0.06656,0.1100625 -0.0918,0.1699219 -0.02523,0.059859 -0.04532,0.1242383 -0.05859,0.1894531 C 47.006254,4.864043 47,4.93075 47,5 v 3 h -5 c -0.06925,0 -0.135957,0.00625 -0.201172,0.019531 -0.06522,0.013277 -0.129594,0.033359 -0.189453,0.058594 -0.05986,0.025234 -0.116738,0.055926 -0.169922,0.091797 -0.05318,0.035871 -0.101297,0.077859 -0.146484,0.1230469 -0.04519,0.045187 -0.08718,0.093301 -0.123047,0.1464843 -0.03587,0.053184 -0.06656,0.1100625 -0.0918,0.1699219 -0.02523,0.059859 -0.04532,0.1242383 -0.05859,0.1894531 C 41.006254,8.864043 41,8.93075 41,9 c 0,0.06925 0.0063,0.135957 0.01953,0.2011719 0.01328,0.065215 0.03336,0.1295937 0.05859,0.1894531 0.02523,0.059859 0.05593,0.1167383 0.0918,0.1699219 0.03587,0.053184 0.07786,0.1012968 0.123047,0.1464843 0.04519,0.045188 0.0933,0.087176 0.146484,0.1230469 0.05318,0.035871 0.110063,0.066562 0.169922,0.091797 0.05986,0.025234 0.124238,0.045316 0.189453,0.058594 C 41.864043,9.9937461 41.93075,10 42,10 h 1 v 16 c 0,0.06925 0.003,0.137681 0.0098,0.205078 0.0068,0.0674 0.01797,0.134004 0.03125,0.199219 0.01328,0.06522 0.02941,0.128704 0.04883,0.191406 0.01942,0.0627 0.04117,0.123735 0.06641,0.183594 0.02523,0.05986 0.05327,0.119095 0.08398,0.175781 0.03072,0.05669 0.06374,0.110879 0.09961,0.164063 0.03587,0.05318 0.07454,0.104946 0.115234,0.154297 0.04069,0.04935 0.08372,0.09739 0.128906,0.142578 0.04519,0.04519 0.09323,0.08821 0.142578,0.128906 0.04935,0.04069 0.101114,0.07936 0.154297,0.115234 0.05318,0.03587 0.107376,0.06889 0.164063,0.09961 0.05669,0.03072 0.115922,0.05875 0.175781,0.08398 0.05986,0.02523 0.120892,0.04698 0.183594,0.06641 0.0627,0.01942 0.126191,0.03555 0.191406,0.04883 0.06522,0.01328 0.131821,0.02445 0.199219,0.03125 C 44.862319,27.997038 44.93075,28 45,28 h 12 c 0.06925,0 0.137681,-0.003 0.205078,-0.0098 0.0674,-0.0068 0.134004,-0.01797 0.199219,-0.03125 0.06522,-0.01328 0.128704,-0.02941 0.191406,-0.04883 0.0627,-0.01942 0.123734,-0.04117 0.183594,-0.06641 0.05986,-0.02523 0.119095,-0.05327 0.175781,-0.08398 0.05669,-0.03072 0.110879,-0.06374 0.164063,-0.09961 0.05318,-0.03587 0.104946,-0.07454 0.154297,-0.115234 0.04935,-0.04069 0.09739,-0.08372 0.142578,-0.128906 0.04519,-0.04519 0.08821,-0.09323 0.128906,-0.142578 0.04069,-0.04935 0.07936,-0.101114 0.115234,-0.154297 0.03587,-0.05318 0.06889,-0.107376 0.09961,-0.164063 0.03072,-0.05669 0.05875,-0.115922 0.08398,-0.175781 0.02523,-0.05986 0.04698,-0.120892 0.06641,-0.183594 0.01942,-0.0627 0.03555,-0.126191 0.04883,-0.191406 0.01328,-0.06521 0.02445,-0.131821 0.03125,-0.199219 C 58.997038,26.137681 59,26.06925 59,26 V 10 h 1 c 0.06925,0 0.135957,-0.00625 0.201172,-0.019531 0.06522,-0.013277 0.129594,-0.033359 0.189453,-0.058594 0.05986,-0.025234 0.116738,-0.055926 0.169922,-0.091797 0.05318,-0.035871 0.101297,-0.077859 0.146484,-0.1230469 0.04519,-0.045187 0.08718,-0.093301 0.123047,-0.1464843 0.03587,-0.053184 0.06656,-0.1100625 0.0918,-0.1699219 0.02523,-0.059859 0.04532,-0.1242383 0.05859,-0.1894531 C 60.993746,9.135957 61,9.06925 61,9 61,8.93075 60.993746,8.864043 60.980469,8.7988281 60.967191,8.7336133 60.947109,8.6692344 60.921875,8.609375 60.896641,8.5495156 60.865949,8.4926367 60.830078,8.4394531 60.794207,8.3862695 60.752219,8.3381563 60.707031,8.2929688 60.661844,8.2477812 60.61373,8.205793 60.560547,8.1699219 60.507363,8.1340508 60.450484,8.1033594 60.390625,8.078125 60.330766,8.0528906 60.266387,8.0328086 60.201172,8.0195312 60.135957,8.0062539 60.06925,8 60,8 H 55 V 5 c 0,-0.06925 -0.0063,-0.135957 -0.01953,-0.2011719 -0.01328,-0.065215 -0.03336,-0.1295937 -0.05859,-0.1894531 -0.02523,-0.059859 -0.05593,-0.1167383 -0.0918,-0.1699219 -0.03587,-0.053184 -0.07786,-0.1012969 -0.123047,-0.1464843 -0.04519,-0.045187 -0.0933,-0.087176 -0.146484,-0.1230469 -0.05318,-0.035871 -0.110063,-0.066562 -0.169922,-0.091797 -0.05986,-0.025234 -0.124238,-0.045316 -0.189453,-0.058594 C 54.135957,4.0062539 54.06925,4 54,4 Z m 1,2 h 4 v 2 h -4 z m -4,4 h 12 v 15 c 0,0.06925 -0.0063,0.135957 -0.01953,0.201172 -0.01328,0.06522 -0.03336,0.129594 -0.05859,0.189453 -0.02523,0.05986 -0.05593,0.116738 -0.0918,0.169922 -0.03587,0.05318 -0.07786,0.101297 -0.123047,0.146484 -0.04519,0.04519 -0.0933,0.08718 -0.146484,0.123047 -0.05318,0.03587 -0.110063,0.06656 -0.169922,0.0918 -0.05986,0.02523 -0.124238,0.04532 -0.189453,0.05859 C 56.135957,25.993746 56.06925,26 56,26 H 46 c -0.06925,0 -0.135957,-0.0063 -0.201172,-0.01953 -0.06522,-0.01328 -0.129594,-0.03336 -0.189453,-0.05859 -0.05986,-0.02523 -0.116738,-0.05593 -0.169922,-0.0918 -0.05318,-0.03587 -0.101297,-0.07786 -0.146484,-0.123047 -0.04519,-0.04519 -0.08718,-0.0933 -0.123047,-0.146484 -0.03587,-0.05318 -0.06656,-0.110063 -0.0918,-0.169922 -0.02523,-0.05986 -0.04532,-0.124238 -0.05859,-0.189453 C 45.006254,25.135957 45,25.06925 45,25 Z" />
    </g>
    <path
       id="path14"
       d="M 0,0 V 32 H 32 V 0 Z"
       inkscape:connector-curvature="0"
       style="fill:none" />
  </g>
  <g
     id="22-22-edit-delete">
    <g
       id="g3066"
       transform="translate(42)">
      <path
         id="path2819"
         style="fill:#ff3232;fill-opacity:1;fill-rule:evenodd;stroke:none;stroke-width:0.7;stroke-linecap:round;stroke-linejoin:round;paint-order:stroke fill markers"
         d="m -57,16 v 12 h 8 V 16 Z m 2.5,2 c 0.03462,0 0.06896,0.0031 0.101562,0.0098 0.03261,0.0066 0.06382,0.01668 0.09375,0.0293 0.02993,0.01262 0.05739,0.02894 0.08398,0.04688 0.02659,0.01794 0.05163,0.03795 0.07422,0.06055 0.02259,0.02259 0.04261,0.04763 0.06055,0.07422 0.01794,0.02659 0.03426,0.05405 0.04688,0.08398 0.01262,0.02993 0.02266,0.06114 0.0293,0.09375 0.0066,0.03261 0.0098,0.06694 0.0098,0.101562 v 7 c 0,0.03462 -0.0031,0.06895 -0.0098,0.101562 -0.0066,0.03261 -0.01668,0.06382 -0.0293,0.09375 -0.01262,0.02993 -0.02894,0.05739 -0.04688,0.08398 -0.01794,0.02659 -0.03795,0.05163 -0.06055,0.07422 -0.02259,0.02259 -0.04763,0.04261 -0.07422,0.06055 -0.02659,0.01794 -0.05405,0.03426 -0.08398,0.04688 -0.02993,0.01262 -0.06114,0.02266 -0.09375,0.0293 C -54.431045,25.996873 -54.465375,26 -54.5,26 c -0.03462,0 -0.06896,-0.0031 -0.101562,-0.0098 -0.03261,-0.0066 -0.06382,-0.01668 -0.09375,-0.0293 -0.02993,-0.01262 -0.05739,-0.02894 -0.08398,-0.04688 -0.02659,-0.01794 -0.05163,-0.03795 -0.07422,-0.06055 -0.02259,-0.02259 -0.04261,-0.04763 -0.06055,-0.07422 -0.01794,-0.02659 -0.03426,-0.05405 -0.04688,-0.08398 -0.01262,-0.02993 -0.02266,-0.06114 -0.0293,-0.09375 C -54.996873,25.568955 -55,25.534625 -55,25.5 v -7 c 0,-0.03462 0.0031,-0.06895 0.0098,-0.101562 0.0066,-0.03261 0.01668,-0.06382 0.0293,-0.09375 0.01262,-0.02993 0.02894,-0.05739 0.04688,-0.08398 0.01794,-0.02659 0.03795,-0.05163 0.06055,-0.07422 0.02259,-0.02259 0.04763,-0.04261 0.07422,-0.06055 0.02659,-0.01794 0.05405,-0.03426 0.08398,-0.04688 0.02993,-0.01262 0.06114,-0.02266 0.09375,-0.0293 C -54.568955,18.003127 -54.534625,18 -54.5,18 Z m 3,0 c 0.03462,0 0.06896,0.0031 0.101562,0.0098 0.03261,0.0066 0.06382,0.01668 0.09375,0.0293 0.02993,0.01262 0.05739,0.02894 0.08398,0.04688 0.02659,0.01794 0.05163,0.03795 0.07422,0.06055 0.02259,0.02259 0.04261,0.04763 0.06055,0.07422 0.01794,0.02659 0.03426,0.05405 0.04688,0.08398 0.01262,0.02993 0.02266,0.06114 0.0293,0.09375 0.0066,0.03261 0.0098,0.06694 0.0098,0.101562 v 7 c 0,0.03462 -0.0031,0.06895 -0.0098,0.101562 -0.0066,0.03261 -0.01668,0.06382 -0.0293,0.09375 -0.01262,0.02993 -0.02894,0.05739 -0.04688,0.08398 -0.01794,0.02659 -0.03795,0.05163 -0.06055,0.07422 -0.02259,0.02259 -0.04763,0.04261 -0.07422,0.06055 -0.02659,0.01794 -0.05405,0.03426 -0.08398,0.04688 -0.02993,0.01262 -0.06114,0.02266 -0.09375,0.0293 C -51.431045,25.996873 -51.465375,26 -51.5,26 c -0.03462,0 -0.06896,-0.0031 -0.101562,-0.0098 -0.03261,-0.0066 -0.06382,-0.01668 -0.09375,-0.0293 -0.02993,-0.01262 -0.05739,-0.02894 -0.08398,-0.04688 -0.02659,-0.01794 -0.05163,-0.03795 -0.07422,-0.06055 -0.02259,-0.02259 -0.04261,-0.04763 -0.06055,-0.07422 -0.01794,-0.02659 -0.03426,-0.05405 -0.04688,-0.08398 -0.01262,-0.02993 -0.02266,-0.06114 -0.0293,-0.09375 C -51.996873,25.568955 -52,25.534625 -52,25.5 v -7 c 0,-0.03462 0.0031,-0.06895 0.0098,-0.101562 0.0066,-0.03261 0.01668,-0.06382 0.0293,-0.09375 0.01262,-0.02993 0.02894,-0.05739 0.04688,-0.08398 0.01794,-0.02659 0.03795,-0.05163 0.06055,-0.07422 0.02259,-0.02259 0.04763,-0.04261 0.07422,-0.06055 0.02659,-0.01794 0.05405,-0.03426 0.08398,-0.04688 0.02993,-0.01262 0.06114,-0.02266 0.09375,-0.0293 C -51.568955,18.003127 -51.534625,18 -51.5,18 Z" />
      <path
         id="path2815"
         style="fill:#ff3232;fill-opacity:1;fill-rule:evenodd;stroke:none;stroke-width:0.7;stroke-linecap:round;stroke-linejoin:round;paint-order:stroke fill markers"
         d="m -55,13 c -0.03462,0 -0.06786,0.0025 -0.101562,0.0059 -0.0337,0.0034 -0.067,0.007 -0.09961,0.01367 -0.06522,0.01328 -0.129594,0.03336 -0.189453,0.05859 -0.05986,0.02523 -0.116738,0.05593 -0.169922,0.0918 -0.05318,0.03587 -0.101297,0.07786 -0.146484,0.123047 -0.04519,0.04519 -0.08718,0.0933 -0.123047,0.146484 -0.03587,0.05318 -0.06656,0.110063 -0.0918,0.169922 -0.02523,0.05986 -0.04532,0.124238 -0.05859,0.189453 -0.0066,0.03261 -0.01027,0.06591 -0.01367,0.09961 C -55.997542,13.932136 -56,13.965375 -56,14 v 1 h -2.5 c -0.03462,0 -0.06896,0.0031 -0.101562,0.0098 -0.03261,0.0066 -0.06382,0.01668 -0.09375,0.0293 -0.02993,0.01262 -0.05739,0.02894 -0.08398,0.04688 -0.02659,0.01793 -0.05163,0.03795 -0.07422,0.06055 -0.02259,0.02259 -0.04261,0.04763 -0.06055,0.07422 -0.01794,0.02659 -0.03426,0.05405 -0.04688,0.08399 -0.01262,0.02993 -0.02266,0.06114 -0.0293,0.09375 -0.0066,0.03255 -0.0098,0.06688 -0.0098,0.10151 0,0.03463 0.0031,0.06896 0.0098,0.101562 0.0066,0.03261 0.01668,0.06382 0.0293,0.09375 0.01262,0.02993 0.02894,0.05739 0.04688,0.08399 0.01794,0.02659 0.03795,0.05162 0.06055,0.07422 0.02259,0.02259 0.04763,0.04261 0.07422,0.06055 0.02659,0.01794 0.05405,0.03426 0.08398,0.04688 0.02993,0.01262 0.06114,0.02266 0.09375,0.0293 0.03261,0.0066 0.06694,0.0098 0.101562,0.0098 h 0.5 v 12 c 0,0.03462 0.0025,0.06786 0.0059,0.101562 0.0034,0.0337 0.007,0.067 0.01367,0.09961 0.01328,0.06522 0.03336,0.129594 0.05859,0.189453 0.02523,0.05986 0.05593,0.116738 0.0918,0.169922 0.03587,0.05318 0.07786,0.101297 0.123047,0.146484 0.04519,0.04519 0.0933,0.08718 0.146484,0.123047 0.05318,0.03587 0.110063,0.06656 0.169922,0.0918 0.05986,0.02523 0.124238,0.04532 0.189453,0.05859 0.03261,0.0066 0.06591,0.01027 0.09961,0.01367 C -57.067864,28.997542 -57.034625,29 -57,29 h 8 c 0.03462,0 0.06786,-0.0025 0.101562,-0.0059 0.0337,-0.0034 0.067,-0.007 0.09961,-0.01367 0.06522,-0.01328 0.129594,-0.03336 0.189453,-0.05859 0.05986,-0.02523 0.116738,-0.05593 0.169922,-0.0918 0.05318,-0.03587 0.101297,-0.07786 0.146484,-0.123047 0.04519,-0.04519 0.08718,-0.0933 0.123047,-0.146484 0.03587,-0.05318 0.06656,-0.110063 0.0918,-0.169922 0.02523,-0.05986 0.04532,-0.124238 0.05859,-0.189453 0.0066,-0.03261 0.01027,-0.06591 0.01367,-0.09961 C -48.002458,28.067864 -48,28.034625 -48,28 V 16 h 0.5 c 0.03462,0 0.06896,-0.0031 0.101562,-0.0098 0.03261,-0.0066 0.06382,-0.01668 0.09375,-0.0293 0.02993,-0.01262 0.05739,-0.02894 0.08398,-0.04688 0.02659,-0.01793 0.05163,-0.03795 0.07422,-0.06055 0.02259,-0.02259 0.04261,-0.04763 0.06055,-0.07422 0.01794,-0.02659 0.03426,-0.05405 0.04688,-0.08399 0.01262,-0.02993 0.02266,-0.06114 0.0293,-0.09375 0.0066,-0.03255 0.0098,-0.06688 0.0098,-0.10151 0,-0.03463 -0.0031,-0.06896 -0.0098,-0.101562 -0.0066,-0.03261 -0.01668,-0.06382 -0.0293,-0.09375 -0.01262,-0.02993 -0.02894,-0.05739 -0.04688,-0.08399 -0.01794,-0.02659 -0.03795,-0.05162 -0.06055,-0.07422 -0.02259,-0.02259 -0.04763,-0.04261 -0.07422,-0.06055 -0.02659,-0.01794 -0.05405,-0.03426 -0.08398,-0.04688 -0.02993,-0.01262 -0.06114,-0.02266 -0.09375,-0.0293 C -47.431045,15.003127 -47.465375,15 -47.5,15 H -50 v -1 c 0,-0.03463 -0.0025,-0.06786 -0.0059,-0.101562 -0.0034,-0.0337 -0.007,-0.067 -0.01367,-0.09961 -0.01328,-0.06522 -0.03336,-0.129594 -0.05859,-0.189453 -0.02523,-0.05986 -0.05593,-0.116738 -0.0918,-0.169922 -0.03587,-0.05318 -0.07786,-0.101297 -0.123047,-0.146484 -0.04519,-0.04519 -0.0933,-0.08718 -0.146484,-0.123047 -0.05318,-0.03587 -0.110063,-0.06656 -0.169922,-0.0918 -0.05986,-0.02523 -0.124238,-0.04532 -0.189453,-0.05859 -0.03261,-0.0066 -0.06591,-0.01027 -0.09961,-0.01367 C -50.932136,13.002458 -50.965375,13 -51,13 Z m 0,1 h 4 v 1 h -4 z m -2,2 h 8 v 12 h -8 z" />
    </g>
    <path
       id="path9"
       d="M -22,10 V 32 H 0 V 10 Z"
       inkscape:connector-curvature="0"
       style="fill:none" />
  </g>
  <g
     id="16-16-edit-delete">
    <g
       id="g3571"
       transform="translate(20)">
      <path
         id="path3404"
         style="fill:#ff3232;fill-opacity:1;fill-rule:evenodd;stroke:none;stroke-width:0.7;stroke-linecap:round;stroke-linejoin:round;paint-order:stroke fill markers"
         d="m -53,21 v 8 h 6 v -8 z m 1.5,2 c 0.03462,0 0.06896,0.0031 0.101562,0.0098 0.03261,0.0066 0.06382,0.01668 0.09375,0.0293 0.02993,0.01262 0.05739,0.02894 0.08398,0.04688 0.02659,0.01794 0.05163,0.03795 0.07422,0.06055 0.02259,0.02259 0.04261,0.04763 0.06055,0.07422 0.01794,0.02659 0.03426,0.05405 0.04688,0.08398 0.01262,0.02993 0.02266,0.06114 0.0293,0.09375 0.0066,0.03261 0.0098,0.06694 0.0098,0.101562 v 3 c 0,0.03462 -0.0031,0.06895 -0.0098,0.101562 -0.0066,0.03261 -0.01668,0.06382 -0.0293,0.09375 -0.01262,0.02993 -0.02894,0.05739 -0.04688,0.08398 -0.01794,0.02659 -0.03795,0.05163 -0.06055,0.07422 -0.02259,0.02259 -0.04763,0.04261 -0.07422,0.06055 -0.02659,0.01794 -0.05405,0.03426 -0.08398,0.04688 -0.02993,0.01262 -0.06114,0.02266 -0.09375,0.0293 C -51.431045,26.996873 -51.465375,27 -51.5,27 c -0.03462,0 -0.06896,-0.0031 -0.101562,-0.0098 -0.03261,-0.0066 -0.06382,-0.01668 -0.09375,-0.0293 -0.02993,-0.01262 -0.05739,-0.02894 -0.08398,-0.04688 -0.02659,-0.01794 -0.05163,-0.03795 -0.07422,-0.06055 -0.02259,-0.02259 -0.04261,-0.04763 -0.06055,-0.07422 -0.01794,-0.02659 -0.03426,-0.05405 -0.04688,-0.08398 -0.01262,-0.02993 -0.02266,-0.06114 -0.0293,-0.09375 C -51.996873,26.568955 -52,26.534625 -52,26.5 v -3 c 0,-0.03462 0.0031,-0.06895 0.0098,-0.101562 0.0066,-0.03261 0.01668,-0.06382 0.0293,-0.09375 0.01262,-0.02993 0.02894,-0.05739 0.04688,-0.08398 0.01794,-0.02659 0.03795,-0.05163 0.06055,-0.07422 0.02259,-0.02259 0.04763,-0.04261 0.07422,-0.06055 0.02659,-0.01794 0.05405,-0.03426 0.08398,-0.04688 0.02993,-0.01262 0.06114,-0.02266 0.09375,-0.0293 C -51.568955,23.003127 -51.534625,23 -51.5,23 Z m 3,0 c 0.03462,0 0.06896,0.0031 0.101562,0.0098 0.03261,0.0066 0.06382,0.01668 0.09375,0.0293 0.02993,0.01262 0.05739,0.02894 0.08398,0.04688 0.02659,0.01794 0.05163,0.03795 0.07422,0.06055 0.02259,0.02259 0.04261,0.04763 0.06055,0.07422 0.01794,0.02659 0.03426,0.05405 0.04688,0.08398 0.01262,0.02993 0.02266,0.06114 0.0293,0.09375 0.0066,0.03261 0.0098,0.06694 0.0098,0.101562 v 3 c 0,0.03462 -0.0031,0.06895 -0.0098,0.101562 -0.0066,0.03261 -0.01668,0.06382 -0.0293,0.09375 -0.01262,0.02993 -0.02894,0.05739 -0.04688,0.08398 -0.01794,0.02659 -0.03795,0.05163 -0.06055,0.07422 -0.02259,0.02259 -0.04763,0.04261 -0.07422,0.06055 -0.02659,0.01794 -0.05405,0.03426 -0.08398,0.04688 -0.02993,0.01262 -0.06114,0.02266 -0.09375,0.0293 C -48.431045,26.996873 -48.465375,27 -48.5,27 c -0.03462,0 -0.06896,-0.0031 -0.101562,-0.0098 -0.03261,-0.0066 -0.06382,-0.01668 -0.09375,-0.0293 -0.02993,-0.01262 -0.05739,-0.02894 -0.08398,-0.04688 -0.02659,-0.01794 -0.05163,-0.03795 -0.07422,-0.06055 -0.02259,-0.02259 -0.04261,-0.04763 -0.06055,-0.07422 -0.01794,-0.02659 -0.03426,-0.05405 -0.04688,-0.08398 -0.01262,-0.02993 -0.02266,-0.06114 -0.0293,-0.09375 C -48.996873,26.568955 -49,26.534625 -49,26.5 v -3 c 0,-0.03462 0.0031,-0.06895 0.0098,-0.101562 0.0066,-0.03261 0.01668,-0.06382 0.0293,-0.09375 0.01262,-0.02993 0.02894,-0.05739 0.04688,-0.08398 0.01794,-0.02659 0.03795,-0.05163 0.06055,-0.07422 0.02259,-0.02259 0.04763,-0.04261 0.07422,-0.06055 0.02659,-0.01794 0.05405,-0.03426 0.08398,-0.04688 0.02993,-0.01262 0.06114,-0.02266 0.09375,-0.0293 C -48.568955,23.003127 -48.534625,23 -48.5,23 Z" />
      <path
         id="path3400"
         style="fill:#ff3232;fill-opacity:1;fill-rule:evenodd;stroke:none;stroke-width:0.7;stroke-linecap:round;stroke-linejoin:round;paint-order:stroke fill markers"
         d="m -51,18 c -0.03462,0 -0.06786,0.0025 -0.101562,0.0059 -0.0337,0.0034 -0.067,0.007 -0.09961,0.01367 -0.03261,0.0066 -0.0663,0.01568 -0.09766,0.02539 -0.03135,0.0097 -0.06187,0.02059 -0.0918,0.0332 -0.02993,0.01262 -0.05759,0.02761 -0.08594,0.04297 -0.02834,0.01536 -0.05739,0.03089 -0.08398,0.04883 -0.02659,0.01794 -0.0515,0.03825 -0.07617,0.05859 -0.02468,0.02035 -0.04772,0.04186 -0.07031,0.06445 -0.02259,0.02259 -0.04411,0.04564 -0.06445,0.07031 -0.02035,0.02468 -0.04066,0.04958 -0.05859,0.07617 -0.01794,0.02659 -0.03347,0.05564 -0.04883,0.08398 -0.01536,0.02834 -0.03035,0.05601 -0.04297,0.08594 -0.01262,0.02993 -0.02349,0.06045 -0.0332,0.0918 -0.0097,0.03135 -0.01875,0.06505 -0.02539,0.09766 -0.0066,0.03261 -0.01027,0.06591 -0.01367,0.09961 C -51.997542,18.932136 -52,18.965375 -52,19 v 1 h -2.5 c -0.03462,0 -0.06896,0.0031 -0.101562,0.0098 -0.03261,0.0066 -0.06382,0.01668 -0.09375,0.0293 -0.02993,0.01262 -0.05739,0.02894 -0.08398,0.04688 -0.02659,0.01794 -0.05163,0.03795 -0.07422,0.06055 -0.02259,0.02259 -0.04261,0.04763 -0.06055,0.07422 -0.01794,0.02659 -0.03426,0.05405 -0.04688,0.08398 -0.01262,0.02993 -0.02266,0.06114 -0.0293,0.09375 -0.0066,0.03257 -0.0098,0.0669 -0.0098,0.10152 0,0.03462 0.0031,0.06895 0.0098,0.101562 0.0066,0.03261 0.01668,0.06382 0.0293,0.09375 0.01262,0.02993 0.02894,0.05739 0.04688,0.08398 0.01794,0.02659 0.03795,0.05163 0.06055,0.07422 0.02259,0.02259 0.04763,0.04261 0.07422,0.06055 0.02659,0.01794 0.05405,0.03426 0.08398,0.04688 0.02993,0.01262 0.06114,0.02266 0.09375,0.0293 0.03261,0.0066 0.06694,0.0098 0.101562,0.0098 h 0.5 v 8 c 0,0.03462 0.0025,0.06786 0.0059,0.101562 0.0034,0.0337 0.007,0.067 0.01367,0.09961 0.0066,0.03261 0.01568,0.0663 0.02539,0.09766 0.0097,0.03135 0.02059,0.06187 0.0332,0.0918 0.01262,0.02993 0.02761,0.05759 0.04297,0.08594 0.01536,0.02834 0.03089,0.05739 0.04883,0.08398 0.01794,0.02659 0.03825,0.0515 0.05859,0.07617 0.02035,0.02468 0.04186,0.04772 0.06445,0.07031 0.02259,0.02259 0.04564,0.04411 0.07031,0.06445 0.02468,0.02035 0.04958,0.04066 0.07617,0.05859 0.02659,0.01794 0.05564,0.03347 0.08398,0.04883 0.02834,0.01536 0.05601,0.03035 0.08594,0.04297 0.02993,0.01262 0.06045,0.02349 0.0918,0.0332 0.03135,0.0097 0.06505,0.01875 0.09766,0.02539 0.03261,0.0066 0.06591,0.01027 0.09961,0.01367 C -53.067864,29.997542 -53.034625,30 -53,30 h 6 c 0.03462,0 0.06786,-0.0025 0.101562,-0.0059 0.0337,-0.0034 0.067,-0.007 0.09961,-0.01367 0.03261,-0.0066 0.0663,-0.01568 0.09766,-0.02539 0.03135,-0.0097 0.06187,-0.02059 0.0918,-0.0332 0.02993,-0.01262 0.05759,-0.02761 0.08594,-0.04297 0.02834,-0.01536 0.05739,-0.03089 0.08398,-0.04883 0.02659,-0.01794 0.0515,-0.03825 0.07617,-0.05859 0.02468,-0.02035 0.04772,-0.04186 0.07031,-0.06445 0.02259,-0.02259 0.04411,-0.04564 0.06445,-0.07031 0.02035,-0.02468 0.04066,-0.04958 0.05859,-0.07617 0.01794,-0.02659 0.03347,-0.05564 0.04883,-0.08398 0.01536,-0.02834 0.03035,-0.05601 0.04297,-0.08594 0.01262,-0.02993 0.02349,-0.06045 0.0332,-0.0918 0.0097,-0.03135 0.01875,-0.06505 0.02539,-0.09766 0.0066,-0.03261 0.01027,-0.06591 0.01367,-0.09961 C -46.002458,29.067864 -46,29.034625 -46,29 v -8 h 0.5 c 0.03462,0 0.06896,-0.0031 0.101562,-0.0098 0.03261,-0.0066 0.06382,-0.01668 0.09375,-0.0293 0.02993,-0.01262 0.05739,-0.02894 0.08398,-0.04688 0.02659,-0.01794 0.05163,-0.03795 0.07422,-0.06055 0.02259,-0.02259 0.04261,-0.04763 0.06055,-0.07422 0.01794,-0.02659 0.03426,-0.05405 0.04688,-0.08398 0.01262,-0.02993 0.02266,-0.06114 0.0293,-0.09375 0.0066,-0.03257 0.0098,-0.0669 0.0098,-0.10152 0,-0.03462 -0.0031,-0.06895 -0.0098,-0.101562 -0.0066,-0.03261 -0.01668,-0.06382 -0.0293,-0.09375 -0.01262,-0.02993 -0.02894,-0.05739 -0.04688,-0.08398 -0.01794,-0.02659 -0.03795,-0.05163 -0.06055,-0.07422 -0.02259,-0.02259 -0.04763,-0.04261 -0.07422,-0.06055 -0.02659,-0.01794 -0.05405,-0.03426 -0.08398,-0.04688 -0.02993,-0.01262 -0.06114,-0.02266 -0.09375,-0.0293 C -45.431045,20.003127 -45.465375,20 -45.5,20 H -48 v -1 c 0,-0.03462 -0.0025,-0.06786 -0.0059,-0.101562 -0.0034,-0.0337 -0.007,-0.067 -0.01367,-0.09961 -0.0066,-0.03261 -0.01568,-0.0663 -0.02539,-0.09766 -0.0097,-0.03135 -0.02059,-0.06187 -0.0332,-0.0918 -0.01262,-0.02993 -0.02761,-0.05759 -0.04297,-0.08594 -0.01536,-0.02834 -0.03089,-0.05739 -0.04883,-0.08398 -0.01794,-0.02659 -0.03825,-0.0515 -0.05859,-0.07617 -0.02035,-0.02468 -0.04186,-0.04772 -0.06445,-0.07031 -0.02259,-0.02259 -0.04564,-0.04411 -0.07031,-0.06445 -0.02468,-0.02035 -0.04958,-0.04066 -0.07617,-0.05859 -0.02659,-0.01794 -0.05564,-0.03347 -0.08398,-0.04883 -0.02834,-0.01536 -0.05601,-0.03035 -0.08594,-0.04297 -0.02993,-0.01262 -0.06045,-0.02349 -0.0918,-0.0332 -0.03135,-0.0097 -0.06505,-0.01875 -0.09766,-0.02539 -0.03261,-0.0066 -0.06591,-0.01027 -0.09961,-0.01367 C -48.932136,18.002458 -48.965375,18 -49,18 Z m 0,1 h 2 v 1 h -2 z m -2,2 h 6 v 8 h -6 z" />
    </g>
    <path
       id="rect925"
       d="m -38,16 h 16 v 16 h -16 z"
       inkscape:connector-curvature="0"
       style="fill:none" />
  </g>
</svg>
