<?xml version="1.0" encoding="UTF-8" standalone="no"?>
<svg
   inkscape:version="1.2.1 (9c6d41e410, 2022-07-14)"
   sodipodi:docname="keyboard.svgz"
   viewBox="0 0 22 22"
   id="svg2"
   height="22"
   width="22"
   version="1.1"
   xmlns:inkscape="http://www.inkscape.org/namespaces/inkscape"
   xmlns:sodipodi="http://sodipodi.sourceforge.net/DTD/sodipodi-0.dtd"
   xmlns="http://www.w3.org/2000/svg"
   xmlns:svg="http://www.w3.org/2000/svg"
   xmlns:rdf="http://www.w3.org/1999/02/22-rdf-syntax-ns#"
   xmlns:cc="http://creativecommons.org/ns#"
   xmlns:dc="http://purl.org/dc/elements/1.1/">
  <sodipodi:namedview
     inkscape:document-rotation="0"
     inkscape:current-layer="svg2"
     inkscape:window-maximized="1"
     inkscape:window-y="0"
     inkscape:window-x="0"
     inkscape:cy="6.4309502"
     inkscape:cx="13.263835"
     inkscape:zoom="9.951873"
     showgrid="false"
     id="namedview12"
     inkscape:window-height="1002"
     inkscape:window-width="1920"
     inkscape:pageshadow="2"
     inkscape:pageopacity="0"
     guidetolerance="10"
     gridtolerance="10"
     objecttolerance="10"
     borderopacity="1"
     bordercolor="#666666"
     pagecolor="#c8c8c8"
     inkscape:pagecheckerboard="0"
     inkscape:showpageshadow="0"
     inkscape:deskcolor="#c8c8c8" />
  <defs
     id="defs4">
    <style
       id="current-color-scheme"
       type="text/css">
      .ColorScheme-Text {
        color:#31363b;
      }
      .ColorScheme-Background {
        color:#eff0f1;
      }
      .ColorScheme-Highlight {
        color:#3daee9;
      }
      .ColorScheme-ViewText {
        color:#31363b;
      }
      .ColorScheme-ViewBackground {
        color:#fcfcfc;
      }
      .ColorScheme-ViewHover {
        color:#93cee9;
      }
      .ColorScheme-ViewFocus{
        color:#3daee9;
      }
      .ColorScheme-ButtonText {
        color:#31363b;
      }
      .ColorScheme-ButtonBackground {
        color:#eff0f1;
      }
      .ColorScheme-ButtonHover {
        color:#93cee9;
      }
      .ColorScheme-ButtonFocus{
        color:#3daee9;
      }
      </style>
  </defs>
  <metadata
     id="metadata7">
    <rdf:RDF>
      <cc:Work
         rdf:about="">
        <dc:format>image/svg+xml</dc:format>
        <dc:type
           rdf:resource="http://purl.org/dc/dcmitype/StillImage" />
        <dc:title />
      </cc:Work>
    </rdf:RDF>
  </metadata>
  <g
     id="22-22-keyboard-layout"
     transform="translate(0,31)">
    <path
       style="fill:none"
       inkscape:connector-curvature="0"
       id="path191-3"
       d="M 0,-31 H 22 V -9 H 0 Z" />
    <path
       id="rect962"
       style="fill:#000000;fill-opacity:1;fill-rule:evenodd;stroke-width:1.06338;stroke-linecap:round;stroke-linejoin:round;paint-order:stroke fill markers"
       d="m 2,-26 c -1.108,0 -2,0.892 -2,2 v 10 c 0,1.108 0.892,2 2,2 h 17 c 1.108,0 2,-0.892 2,-2 v -10 c 0,-1.108 -0.892,-2 -2,-2 z m 1,2 c 0.554,0 1,0.446 1,1 0,0.554 -0.446,1 -1,1 -0.554,0 -1,-0.446 -1,-1 0,-0.554 0.446,-1 1,-1 z m 3,0 c 0.554,0 1,0.446 1,1 0,0.554 -0.446,1 -1,1 -0.554,0 -1,-0.446 -1,-1 0,-0.554 0.446,-1 1,-1 z m 3,0 c 0.554,0 1,0.446 1,1 0,0.554 -0.446,1 -1,1 -0.554,0 -1,-0.446 -1,-1 0,-0.554 0.446,-1 1,-1 z m 3,0 c 0.554,0 1,0.446 1,1 0,0.554 -0.446,1 -1,1 -0.554,0 -1,-0.446 -1,-1 0,-0.554 0.446,-1 1,-1 z m 3,0 c 0.554,0 1,0.446 1,1 0,0.554 -0.446,1 -1,1 -0.554,0 -1,-0.446 -1,-1 0,-0.554 0.446,-1 1,-1 z m 3,0 c 0.554,0 1,0.446 1,1 0,0.554 -0.446,1 -1,1 -0.554,0 -1,-0.446 -1,-1 0,-0.554 0.446,-1 1,-1 z m -15,4 c 0.554,0 1,0.446 1,1 0,0.554 -0.446,1 -1,1 -0.554,0 -1,-0.446 -1,-1 0,-0.554 0.446,-1 1,-1 z m 3,0 c 0.554,0 1,0.446 1,1 0,0.554 -0.446,1 -1,1 -0.554,0 -1,-0.446 -1,-1 0,-0.554 0.446,-1 1,-1 z m 3,0 c 0.554,0 1,0.446 1,1 0,0.554 -0.446,1 -1,1 -0.554,0 -1,-0.446 -1,-1 0,-0.554 0.446,-1 1,-1 z m 3,0 c 0.554,0 1,0.446 1,1 0,0.554 -0.446,1 -1,1 -0.554,0 -1,-0.446 -1,-1 0,-0.554 0.446,-1 1,-1 z m 3,0 c 0.554,0 1,0.446 1,1 0,0.554 -0.446,1 -1,1 -0.554,0 -1,-0.446 -1,-1 0,-0.554 0.446,-1 1,-1 z m 3,0 c 0.554,0 1,0.446 1,1 0,0.554 -0.446,1 -1,1 -0.554,0 -1,-0.446 -1,-1 0,-0.554 0.446,-1 1,-1 z m -15,4 c 0.554,0 1,0.446 1,1 0,0.554 -0.446,1 -1,1 -0.554,0 -1,-0.446 -1,-1 0,-0.554 0.446,-1 1,-1 z m 3,0 h 9 c 0.554,0 1,0.446 1,1 0,0.554 -0.446,1 -1,1 H 6 c -0.554,0 -1,-0.446 -1,-1 0,-0.554 0.446,-1 1,-1 z m 12,0 c 0.554,0 1,0.446 1,1 0,0.554 -0.446,1 -1,1 -0.554,0 -1,-0.446 -1,-1 0,-0.554 0.446,-1 1,-1 z" />
  </g>
  <g
     id="keyboard-layout"
     transform="translate(-8,33.000011)">
    <rect
       x="30"
       y="-43.000011"
       width="32"
       height="32"
       fill="none"
       id="rect82-3" />
    <path
       id="rect7351"
       style="fill:#000000;fill-opacity:1;fill-rule:evenodd;stroke-linecap:round;stroke-linejoin:round;paint-order:stroke fill markers"
       d="m 34,-36 c -1.108,0 -2,0.892 -2,2 v 14 c 0,1.108 0.892,2 2,2 h 24 c 1.108,0 2,-0.892 2,-2 v -14 c 0,-1.108 -0.892,-2 -2,-2 z m 1,2 h 22 c 0.554,0 1,0.446 1,1 0,0.554 -0.446,1 -1,1 H 35 c -0.554,0 -1,-0.446 -1,-1 0,-0.554 0.446,-1 1,-1 z m 0,3 c 0.554,0 1,0.446 1,1 0,0.554 -0.446,1 -1,1 -0.554,0 -1,-0.446 -1,-1 0,-0.554 0.446,-1 1,-1 z m 3,0 c 0.554,0 1,0.446 1,1 0,0.554 -0.446,1 -1,1 -0.554,0 -1,-0.446 -1,-1 0,-0.554 0.446,-1 1,-1 z m 3,0 c 0.554,0 1,0.446 1,1 0,0.554 -0.446,1 -1,1 -0.554,0 -1,-0.446 -1,-1 0,-0.554 0.446,-1 1,-1 z m 3,0 c 0.554,0 1,0.446 1,1 0,0.554 -0.446,1 -1,1 -0.554,0 -1,-0.446 -1,-1 0,-0.554 0.446,-1 1,-1 z m 3,0 c 0.554,0 1,0.446 1,1 0,0.554 -0.446,1 -1,1 -0.554,0 -1,-0.446 -1,-1 0,-0.554 0.446,-1 1,-1 z m 3,0 c 0.554,0 1,0.446 1,1 0,0.554 -0.446,1 -1,1 -0.554,0 -1,-0.446 -1,-1 0,-0.554 0.446,-1 1,-1 z m 3,0 c 0.554,0 1,0.446 1,1 0,0.554 -0.446,1 -1,1 -0.554,0 -1,-0.446 -1,-1 0,-0.554 0.446,-1 1,-1 z m 3,0 h 1 c 0.554,0 1,0.446 1,1 0,0.554 -0.446,1 -1,1 h -1 c -0.554,0 -1,-0.446 -1,-1 0,-0.554 0.446,-1 1,-1 z m -21,3 h 1 c 0.554,0 1,0.446 1,1 0,0.554 -0.446,1 -1,1 h -1 c -0.554,0 -1,-0.446 -1,-1 0,-0.554 0.446,-1 1,-1 z m 4,0 c 0.554,0 1,0.446 1,1 0,0.554 -0.446,1 -1,1 -0.554,0 -1,-0.446 -1,-1 0,-0.554 0.446,-1 1,-1 z m 3,0 c 0.554,0 1,0.446 1,1 0,0.554 -0.446,1 -1,1 -0.554,0 -1,-0.446 -1,-1 0,-0.554 0.446,-1 1,-1 z m 3,0 c 0.554,0 1,0.446 1,1 0,0.554 -0.446,1 -1,1 -0.554,0 -1,-0.446 -1,-1 0,-0.554 0.446,-1 1,-1 z m 3,0 c 0.554,0 1,0.446 1,1 0,0.554 -0.446,1 -1,1 -0.554,0 -1,-0.446 -1,-1 0,-0.554 0.446,-1 1,-1 z m 3,0 c 0.554,0 1,0.446 1,1 0,0.554 -0.446,1 -1,1 -0.554,0 -1,-0.446 -1,-1 0,-0.554 0.446,-1 1,-1 z m 3,0 c 0.554,0 1,0.446 1,1 0,0.554 -0.446,1 -1,1 -0.554,0 -1,-0.446 -1,-1 0,-0.554 0.446,-1 1,-1 z m 3,0 c 0.554,0 1,0.446 1,1 0,0.554 -0.446,1 -1,1 -0.554,0 -1,-0.446 -1,-1 0,-0.554 0.446,-1 1,-1 z m -22,3 h 1 c 0.554,0 1,0.446 1,1 0,0.554 -0.446,1 -1,1 h -1 c -0.554,0 -1,-0.446 -1,-1 0,-0.554 0.446,-1 1,-1 z m 4,0 c 0.554,0 1,0.446 1,1 0,0.554 -0.446,1 -1,1 -0.554,0 -1,-0.446 -1,-1 0,-0.554 0.446,-1 1,-1 z m 3,0 c 0.554,0 1,0.446 1,1 0,0.554 -0.446,1 -1,1 -0.554,0 -1,-0.446 -1,-1 0,-0.554 0.446,-1 1,-1 z m 3,0 c 0.554,0 1,0.446 1,1 0,0.554 -0.446,1 -1,1 -0.554,0 -1,-0.446 -1,-1 0,-0.554 0.446,-1 1,-1 z m 3,0 c 0.554,0 1,0.446 1,1 0,0.554 -0.446,1 -1,1 -0.554,0 -1,-0.446 -1,-1 0,-0.554 0.446,-1 1,-1 z m 3,0 c 0.554,0 1,0.446 1,1 0,0.554 -0.446,1 -1,1 -0.554,0 -1,-0.446 -1,-1 0,-0.554 0.446,-1 1,-1 z m 3,0 c 0.554,0 1,0.446 1,1 0,0.554 -0.446,1 -1,1 -0.554,0 -1,-0.446 -1,-1 0,-0.554 0.446,-1 1,-1 z m 3,0 c 0.554,0 1,0.446 1,1 0,0.554 -0.446,1 -1,1 -0.554,0 -1,-0.446 -1,-1 0,-0.554 0.446,-1 1,-1 z m -22,3 c 0.554,0 1,0.446 1,1 0,0.554 -0.446,1 -1,1 -0.554,0 -1,-0.446 -1,-1 0,-0.554 0.446,-1 1,-1 z m 3,0 c 0.554,0 1,0.446 1,1 0,0.554 -0.446,1 -1,1 -0.554,0 -1,-0.446 -1,-1 0,-0.554 0.446,-1 1,-1 z m 3,0 h 10 c 0.554,0 1,0.446 1,1 0,0.554 -0.446,1 -1,1 H 41 c -0.554,0 -1,-0.446 -1,-1 0,-0.554 0.446,-1 1,-1 z m 13,0 c 0.554,0 1,0.446 1,1 0,0.554 -0.446,1 -1,1 -0.554,0 -1,-0.446 -1,-1 0,-0.554 0.446,-1 1,-1 z m 3,0 c 0.554,0 1,0.446 1,1 0,0.554 -0.446,1 -1,1 -0.554,0 -1,-0.446 -1,-1 0,-0.554 0.446,-1 1,-1 z" />
  </g>
</svg>
